324 0010000000
199 10100011011
89 001100111001
3048 1000001
646 000010011
1795 11000011
180 00111000010
142 111010101101
944 110100100
7314 110010
82 001000011010
4602 1110110
170 00100110011
1818 11000101
116 110100010100
98 101000000110
2310 11101011
63 1110000110110
76 1111110001100
77 1111111001000
266 11100101000
144 111110010000
62 1101110110101
149 111110011010
181 00111000101
74 1111100110110
104 101011111110
61 1101110110100
200 10100011101
72 1110101011110
94 100000011000
72 1110101011111
354 0011001101
82 001000011001
87 001100000111
131 111000011010
375 1000000100
99 101000000111
71 1110101010011
93 001110100001
242 11010011111
81 001000011000
126 110111110010
76 1111110001101
158 111111100110
77 1111111000101
69 1110000110111
129 111000011001
273 11100101011
95 100000011010
89 001100111000
80 1111111001001
387 1010000000
94 001110101111
303 11111100010
158 111111100101
373 0011101010
94 100000011001
142 111010101100
92 001110100000
237 11010010110
76 1111100110111
156 111111100011
76 1111111000100
1062 111000110
1571 10100001
653 001000001
1454 00111001
395 1010001100
892 110000101
412 1010101011
1077 111001011
200 10100011111
696 001100001
117 110100010110
70 1110101010010
186 00111010011
72 1111100101100
83 001000011011
73 1111100101101
467 1101000100
150 111111000010
178 00110011101
102 101010101010
654 001000010
70 1110101010001
69 1110101010000
81 000010001011
419 1010111110
199 10100011010
127 111000011000
193 10100000010
240 11010010111
112 110100000001
96 100000011011
126 110111011011
442 1100000110
90 001110000110
114 110100000011
119 110100010111
527 1110000111
842 101101000
80 000010001010
104 101010101011
3211 1010100
478 1101001110
152 111111000011
533 1110001111
1805 11000100
112 110100000000
117 110100010101
111 110000000111
438 1100000000
122 110100111101
106 101011111111
111 110000000110
1157 111011101
94 001110101110
193 10000001110
209 10101111011
392 1010000010
185 00111010001
268 11100101010
193 10000001111
645 000010010
208 10101111010
939 110100011
6827 101110
102916 01
11158 00101
6196 100010
3286 1010110
7705 110101
1490 00111011
883 110000010
413 1010111100
3685 1100011
244 11011101100
362 0011100011
375 1000000101
2533 11111111
951 110100110
1702 10110101
1215 111111001
974 110111000
320 0000100011
180 00111000100
200 10100011110
1712 10111110
204 10101010100
294 11111001100
144 111110010001
634 000010000
222 11000001111
158 00001000100
920 110100001
1706 10110110
177 00110011001
158 111111100111
187 00111010110
2668 0010010
222 11000001110
174 00110011000
152 111111000111
6292 100011
333 0010011000
458 1101000001
110 110000000101
503 1101110111
307 11111110000
126 110111110011
170 00110000010
332 0010000111
339 0011000000
2450 11111101
210 10101111110
2162 11100110
6039 001111
2138 11100100
979 110111010
2342 11101111
892 110000100
1745 10111111
1395 00110001
1366 00100111
1259 111111101
185 00111010010
143 111010101110
430 1011010011
167 00100110010
90 001110000111
119 110100111100
979 110111001
2061 11100000
1398 00110010
2094 11100010
2206 11100111
12798 10011
288 11111001001
393 1010000011
359 0011100000
6494 101001
281 11101010101
1088 111010100
883 110000001
1153 111011100
2598 0000101
678 001001101
1982 11011110
109 110000000100
1924 11011010
10020 00000
2401 11111011
1948 11011011
597 1111100111
251 11011111000
358 0011001111
135 111001010011
2366 11111010
299 11111100000
421 1011010010
513 1101111101
289 11111001010
20515 0001
265 11100011100
9404 111101
1579 10100010
6748 101100
1711 10110111
9381 111100
1525 10000100
1667 10101110
1506 10000000
5618 001101
326 0010000001
199 10100011100
4429 1110100
2344 11111000
3451 1011110
5176 000011
1546 10000101
114 110100000010
7453 110011
3849 1101100
12787 10010
1653 10101011
2655 0010001
470 1101001010
3096 1000011
810 101010100
1018 110111111
87 001100000110
1024 111000010
266 11100011101
147 111110010111
132 111001010010